-2.537268e-05
-2.537268e-05
-2.424331e-06
-2.677132e-06
-2.647926e-06
-2.570465e-06
-2.482112e-06
-2.391330e-06
-2.300790e-06
-2.211591e-06
-2.124265e-06
-2.039087e-06
-1.956194e-06
-1.875637e-06
-1.797418e-06
-1.721503e-06
-1.647840e-06
-1.576366e-06
-1.507011e-06
-1.439699e-06
-1.374359e-06
-1.310916e-06
-1.249299e-06
-1.189439e-06
-1.131269e-06
-1.074725e-06
-1.019745e-06
-9.662706e-07
-9.142448e-07
-8.636133e-07
-8.143242e-07
-7.663274e-07
-7.195753e-07
-6.740219e-07
-6.296232e-07
-5.863368e-07
-5.441224e-07
-5.029409e-07
-4.627549e-07
-4.235286e-07
-3.852276e-07
-3.478189e-07
-3.112705e-07
-2.755523e-07
-2.406348e-07
-2.064902e-07
-1.730914e-07
-1.404126e-07
-1.084292e-07
-7.711740e-08
-4.645436e-08
-1.641828e-08
1.301180e-08
4.185595e-08
7.013343e-08
9.786271e-08
1.250615e-07
1.517468e-07
1.779348e-07
2.036412e-07
2.288809e-07
2.536683e-07
2.780171e-07
3.019406e-07
3.254514e-07
3.485617e-07
3.712831e-07
3.936268e-07
4.156036e-07
4.372237e-07
4.584971e-07
4.794332e-07
5.000412e-07
5.203299e-07
5.403077e-07
5.599827e-07
5.793626e-07
5.984550e-07
6.172671e-07
6.358059e-07
6.540779e-07
6.720896e-07
6.898473e-07
7.073568e-07
7.246239e-07
7.416543e-07
7.584531e-07
7.750255e-07
7.913767e-07
8.075112e-07
8.234338e-07
8.391490e-07
8.546611e-07
8.699742e-07
8.850925e-07
9.000198e-07
9.147599e-07
9.293165e-07
9.436932e-07
9.578933e-07
9.719203e-07
9.857773e-07
9.994675e-07
1.012994e-06
1.026360e-06
1.039567e-06
1.052620e-06
1.065520e-06
1.078270e-06
1.090873e-06
1.103331e-06
1.115647e-06
1.127823e-06
1.139861e-06
1.151764e-06
1.163533e-06
1.175171e-06
1.186680e-06
1.198062e-06
1.209319e-06
1.220452e-06
1.231465e-06
1.242357e-06
1.253132e-06
1.263791e-06
1.274336e-06
1.284767e-06
1.295088e-06
1.305300e-06
1.315403e-06
1.325401e-06
1.335293e-06
1.345082e-06
1.354769e-06
1.364356e-06
1.373843e-06
1.383232e-06
1.392525e-06
1.401723e-06
1.410826e-06
1.419837e-06
1.428756e-06
1.437585e-06
1.446325e-06
1.454976e-06
1.463541e-06
1.472020e-06
1.480414e-06
1.488725e-06
1.496953e-06
1.505099e-06
1.513165e-06
1.521151e-06
1.529059e-06
1.536888e-06
1.544642e-06
1.552319e-06
1.559922e-06
1.567450e-06
1.574906e-06
1.582289e-06
1.589601e-06
1.596843e-06
1.604014e-06
1.611117e-06
1.618152e-06
1.625119e-06
1.632020e-06
1.638856e-06
1.645626e-06
1.652332e-06
1.658974e-06
1.665554e-06
1.672071e-06
1.678528e-06
1.684923e-06
1.691259e-06
1.697535e-06
1.703752e-06
1.709911e-06
1.716013e-06
1.722059e-06
1.728048e-06
1.733981e-06
1.739860e-06
1.745684e-06
1.751454e-06
1.757172e-06
1.762837e-06
1.768449e-06
1.774011e-06
1.779521e-06
1.784981e-06
1.790392e-06
1.795753e-06
1.801065e-06
1.806329e-06
1.811545e-06
1.816714e-06
1.821837e-06
1.826913e-06
1.831943e-06
1.836928e-06
1.841868e-06
1.846764e-06
1.851616e-06
1.856425e-06
1.861190e-06
1.865913e-06
1.870595e-06
1.875234e-06
1.879832e-06
1.884389e-06
1.888906e-06
1.893383e-06
1.897821e-06
1.902219e-06
1.906579e-06
1.910900e-06
1.915183e-06
1.919429e-06
1.923637e-06
1.927809e-06
1.931944e-06
1.936043e-06
1.940106e-06
1.944134e-06
1.948127e-06
1.952085e-06
1.956009e-06
1.959899e-06
1.963756e-06
1.967579e-06
1.971369e-06
1.975126e-06
1.978851e-06
1.982545e-06
1.986206e-06
1.989836e-06
1.993435e-06
1.997004e-06
2.000542e-06
2.004049e-06
2.007527e-06
2.010976e-06
2.014395e-06
2.017785e-06
2.021147e-06
2.024480e-06
2.027785e-06
2.031062e-06
2.034312e-06
2.037534e-06
2.040729e-06
2.043898e-06
2.047040e-06
2.050156e-06
2.053246e-06
2.056310e-06
2.059348e-06
2.062361e-06
2.065350e-06
2.068313e-06
2.071252e-06
2.074167e-06
2.077058e-06
2.079925e-06
2.082768e-06
2.085588e-06
2.088385e-06
2.091159e-06
2.093910e-06
2.096639e-06
2.099346e-06
2.102030e-06
2.104693e-06
2.107334e-06
2.109954e-06
2.112553e-06
2.115130e-06
2.117687e-06
2.120223e-06
2.122739e-06
2.125235e-06
2.127710e-06
2.130166e-06
2.132602e-06
2.135019e-06
2.137417e-06
2.139795e-06
2.142155e-06
2.144495e-06
2.146818e-06
2.149122e-06
2.151407e-06
2.153675e-06
2.155925e-06
2.158157e-06
2.160372e-06
2.162570e-06
2.164750e-06
2.166913e-06
2.169060e-06
2.171190e-06
2.173303e-06
2.175400e-06
2.177480e-06
2.179545e-06
2.181594e-06
2.183627e-06
2.185644e-06
2.187646e-06
2.189632e-06
2.191603e-06
2.193560e-06
2.195501e-06
2.197428e-06
2.199340e-06
2.201237e-06
2.203121e-06
2.204990e-06
2.206844e-06
2.208685e-06
2.210512e-06
2.212326e-06
2.214126e-06
2.215912e-06
2.217685e-06
2.219445e-06
2.221192e-06
2.222926e-06
2.224647e-06
2.226355e-06
2.228051e-06
2.229734e-06
2.231405e-06
2.233064e-06
2.234710e-06
2.236344e-06
2.237967e-06
2.239578e-06
2.241177e-06
2.242764e-06
2.244340e-06
2.245904e-06
2.247458e-06
2.249000e-06
2.250531e-06
2.252051e-06
2.253560e-06
2.255058e-06
2.256546e-06
2.258022e-06
2.259489e-06
2.260945e-06
2.262391e-06
2.263826e-06
2.265252e-06
2.266667e-06
2.268073e-06
2.269468e-06
2.270854e-06
2.272230e-06
2.273596e-06
2.274953e-06
2.276301e-06
2.277639e-06
2.278968e-06
2.280288e-06
2.281598e-06
2.282900e-06
2.284192e-06
2.285476e-06
2.286751e-06
2.288017e-06
2.289275e-06
2.290524e-06
2.291764e-06
2.292995e-06
2.294218e-06
2.295431e-06
2.296636e-06
2.297832e-06
2.299019e-06
2.300198e-06
2.301369e-06
2.302531e-06
2.303685e-06
2.304831e-06
2.305969e-06
2.307099e-06
2.308220e-06
2.309335e-06
2.310441e-06
2.311540e-06
2.312631e-06
2.313714e-06
2.314791e-06
2.315859e-06
2.316921e-06
2.317975e-06
2.319022e-06
2.320062e-06
2.321095e-06
2.322121e-06
2.323139e-06
2.324150e-06
2.325152e-06
2.326148e-06
2.327135e-06
2.328116e-06
2.329088e-06
2.330054e-06
2.331012e-06
2.331964e-06
2.332908e-06
2.333846e-06
2.334776e-06
2.335700e-06
2.336618e-06
2.337529e-06
2.338433e-06
2.339331e-06
2.340222e-06
2.341108e-06
2.341987e-06
2.342860e-06
2.343726e-06
2.344587e-06
2.345442e-06
2.346291e-06
2.347134e-06
2.347971e-06
2.348803e-06
2.349629e-06
2.350449e-06
2.351264e-06
2.352074e-06
2.352878e-06
2.353676e-06
2.354469e-06
2.355257e-06
2.356040e-06
2.356818e-06
2.357590e-06
2.358358e-06
2.359120e-06
2.359877e-06
2.360630e-06
2.361378e-06
2.362121e-06
2.362859e-06
2.363592e-06
2.364321e-06
2.365045e-06
2.365765e-06
2.366480e-06
2.367191e-06
2.367897e-06
2.368599e-06
2.369296e-06
2.369990e-06
2.370679e-06
2.371363e-06
2.372044e-06
2.372720e-06
2.373393e-06
2.374061e-06
2.374725e-06
2.375386e-06
2.376042e-06
2.376695e-06
2.377343e-06
2.377988e-06
2.378629e-06
2.379267e-06
2.379901e-06
2.380531e-06
2.381157e-06
2.381780e-06
2.382399e-06
2.383015e-06
2.383627e-06
2.384236e-06
2.384842e-06
2.385444e-06
2.386043e-06
2.386638e-06
2.387230e-06
2.387819e-06
2.388405e-06
2.388988e-06
2.389567e-06
2.390144e-06
2.390717e-06
2.391287e-06
2.391854e-06
2.392418e-06
2.392979e-06
2.393538e-06
2.394093e-06
2.394646e-06
2.395195e-06
2.395742e-06
2.396286e-06
2.396827e-06
2.397366e-06
2.397902e-06
2.398435e-06
2.398966e-06
2.399493e-06
2.400019e-06
2.400541e-06
2.401061e-06
2.401579e-06
2.402094e-06
2.402607e-06
2.403117e-06
2.403625e-06
2.404130e-06
2.404633e-06
2.405134e-06
2.405632e-06
2.406128e-06
2.406621e-06
2.407113e-06
2.407602e-06
2.408089e-06
2.408574e-06
2.409056e-06
2.409536e-06
2.410015e-06
2.410491e-06
2.410965e-06
2.411437e-06
2.411907e-06
2.412374e-06
2.412840e-06
2.413304e-06
2.413766e-06
2.414226e-06
2.414684e-06
2.415140e-06
2.415594e-06
2.416046e-06
2.416496e-06
2.416945e-06
2.417391e-06
2.417836e-06
2.418279e-06
2.418720e-06
2.419160e-06
2.419597e-06
2.420033e-06
2.420467e-06
2.420900e-06
2.421331e-06
2.421760e-06
2.422188e-06
2.422613e-06
2.423038e-06
2.423460e-06
2.423881e-06
2.424301e-06
2.424719e-06
2.425135e-06
2.425550e-06
2.425963e-06
2.426375e-06
2.426785e-06
2.427194e-06
2.427602e-06
2.428007e-06
2.428412e-06
2.428815e-06
2.429217e-06
2.429617e-06
2.430016e-06
2.430413e-06
2.430809e-06
2.431204e-06
2.431597e-06
2.431989e-06
2.432380e-06
2.432769e-06
2.433158e-06
2.433544e-06
2.433930e-06
2.434314e-06
2.434697e-06
2.435079e-06
2.435460e-06
2.435839e-06
2.436217e-06
2.436594e-06
2.436970e-06
2.437345e-06
2.437718e-06
2.438091e-06
2.438462e-06
2.438832e-06
2.439201e-06
2.439569e-06
2.439935e-06
2.440301e-06
2.440666e-06
2.441029e-06
2.441391e-06
2.441753e-06
2.442113e-06
2.442472e-06
2.442830e-06
2.443188e-06
2.443544e-06
2.443899e-06
2.444253e-06
2.444606e-06
2.444959e-06
2.445310e-06
2.445660e-06
2.446009e-06
2.446358e-06
2.446705e-06
2.447052e-06
2.447397e-06
2.447742e-06
2.448085e-06
2.448428e-06
2.448770e-06
2.449111e-06
2.449451e-06
2.449791e-06
2.450129e-06
2.450466e-06
2.450803e-06
2.451139e-06
2.451474e-06
2.451808e-06
2.452141e-06
2.452474e-06
2.452805e-06
2.453134e-06
2.453463e-06
2.453790e-06
2.454116e-06
2.454441e-06
2.454764e-06
2.455087e-06
2.455409e-06
2.455729e-06
2.456048e-06
2.456367e-06
2.456684e-06
2.457000e-06
2.457315e-06
2.457630e-06
2.457943e-06
2.458255e-06
2.458566e-06
2.458877e-06
2.459186e-06
2.459495e-06
2.459803e-06
2.460109e-06
2.460415e-06
2.460720e-06
2.461024e-06
2.461327e-06
2.461630e-06
2.461931e-06
2.462232e-06
2.462532e-06
2.462831e-06
2.463129e-06
2.463427e-06
2.463724e-06
2.464020e-06
2.464315e-06
2.464609e-06
2.464903e-06
2.465196e-06
2.465488e-06
2.465779e-06
2.466070e-06
2.466360e-06
2.466649e-06
2.466937e-06
2.467225e-06
2.467512e-06
2.467799e-06
2.468085e-06
2.468370e-06
2.468654e-06
2.468938e-06
2.469221e-06
2.469504e-06
2.469786e-06
2.470067e-06
2.470348e-06
2.470628e-06
2.470907e-06
2.471186e-06
2.471464e-06
2.471742e-06
2.472019e-06
2.472295e-06
2.472571e-06
2.472847e-06
2.473121e-06
2.473396e-06
2.473669e-06
2.473942e-06
2.474215e-06
2.474487e-06
2.474758e-06
2.475029e-06
2.475300e-06
2.475570e-06
2.475839e-06
2.476108e-06
2.476376e-06
2.476644e-06
2.476912e-06
2.477179e-06
2.477445e-06
2.477711e-06
2.477976e-06
2.478241e-06
2.478506e-06
2.478770e-06
2.479034e-06
2.479297e-06
2.479559e-06
2.479822e-06
2.480083e-06
2.480345e-06
2.480606e-06
2.480866e-06
2.481126e-06
2.481386e-06
2.481645e-06
2.481904e-06
2.482162e-06
2.482420e-06
2.482678e-06
2.482935e-06
2.483192e-06
2.483448e-06
2.483704e-06
2.483960e-06
2.484215e-06
2.484470e-06
2.484724e-06
2.484978e-06
2.485232e-06
2.485485e-06
2.485738e-06
2.485990e-06
2.486243e-06
2.486494e-06
2.486746e-06
2.486997e-06
2.487248e-06
2.487498e-06
2.487748e-06
2.487998e-06
2.488247e-06
2.488496e-06
2.488745e-06
2.488993e-06
2.489241e-06
2.489489e-06
2.489737e-06
2.489984e-06
2.490230e-06
2.490477e-06
2.490723e-06
2.490968e-06
2.491214e-06
2.491458e-06
2.491702e-06
2.491946e-06
2.492189e-06
2.492432e-06
2.492675e-06
2.492917e-06
2.493158e-06
2.493399e-06
2.493640e-06
2.493881e-06
2.494121e-06
2.494360e-06
2.494599e-06
2.494838e-06
2.495076e-06
2.495314e-06
2.495552e-06
2.495789e-06
2.496026e-06
2.496263e-06
2.496499e-06
2.496735e-06
2.496971e-06
2.457462e-06
2.387140e-06
2.297059e-06
2.193218e-06
2.079770e-06
1.959732e-06
1.835308e-06
1.708103e-06
1.579279e-06
1.449680e-06
1.319915e-06
1.190423e-06
1.061522e-06
9.334353e-07
8.063243e-07
6.803008e-07
5.554421e-07
4.318005e-07
3.094098e-07
1.882909e-07
6.845549e-08
-5.009133e-08
-1.673494e-07
-2.833220e-07
-3.980152e-07
-5.114372e-07
-6.235988e-07
-7.345138e-07
-8.442014e-07
-9.526900e-07
-1.060024e-06
-1.166275e-06
-1.271565e-06
-1.376113e-06
-1.480302e-06
-1.584839e-06
-1.691128e-06
-1.802101e-06
-1.924324e-06
-2.074345e-06
-2.301441e-06
-2.792287e-06
-4.480193e-06
-7.796632e-06
1.021478e-05
2.842416e-06
-1.322883e-05
4.997406e-06
4.175131e-05
3.717493e-05
-2.223397e-06
-6.156458e-06
-7.565164e-06
-8.813737e-06
-1.002055e-05
-1.126185e-05
-1.286592e-05
-1.451873e-05
-1.523733e-05
-1.722320e-05
-2.026050e-05
-2.111005e-05
-1.473643e-05
-1.074993e-05
-9.955203e-06
-1.010986e-05
-1.046653e-05
-1.084718e-05
-1.121235e-05
-1.155535e-05
-1.187668e-05
-1.217889e-05
-1.246467e-05
-1.273660e-05
-1.299699e-05
-1.324837e-05
-1.349341e-05
-1.373497e-05
-1.397611e-05
-1.422053e-05
-1.447243e-05
-1.473758e-05
-1.502208e-05
-1.533458e-05
-1.568627e-05
-1.609191e-05
-1.657375e-05
-1.716417e-05
-1.791514e-05
-1.891678e-05
-2.033807e-05
-2.253953e-05
-2.642831e-05
-3.481997e-05
-5.789637e-05
-9.962182e-05
-6.780394e-05
-5.147777e-05
-5.283556e-05
-5.887989e-05
-7.345252e-05
-5.351039e-05
5.059278e-05
2.450751e-04
3.012244e-04
1.411302e-04
5.649220e-05
5.859613e-06
-2.636115e-05
-7.833298e-05
-1.228776e-04
-2.002154e-04
-1.333500e-04
-4.841769e-06
1.220307e-05
1.331164e-05
1.242032e-05
1.061112e-05
8.154538e-06
6.010813e-06
5.357793e-06
7.537631e-06
1.324497e-05
1.963630e-05
2.565842e-05
3.135980e-05
3.494983e-05
3.391966e-05
2.653126e-05
1.660211e-05
9.005365e-06
4.161062e-06
1.315479e-06
-2.935349e-07
-1.172999e-06
-1.629346e-06
-1.843618e-06
-1.922944e-06
-1.930450e-06
-1.903516e-06
-1.864036e-06
-1.824439e-06
-1.791747e-06
-1.769390e-06
-1.758721e-06
-1.759941e-06
-1.772495e-06
-1.795388e-06
-1.827512e-06
-1.867689e-06
-1.914713e-06
-1.967408e-06
-2.024872e-06
-2.086158e-06
-2.150430e-06
-2.216940e-06
-2.285087e-06
-2.354370e-06
-2.424331e-06
-2.494495e-06
-2.564586e-06
-2.634354e-06
-2.703510e-06
-2.771921e-06
-2.839400e-06
-2.905756e-06
-2.971021e-06
-3.035022e-06
-3.097732e-06
-3.159118e-06
-3.219124e-06
-3.277740e-06
-3.334949e-06
-3.390788e-06
-3.445230e-06
-3.498283e-06
-3.549999e-06
-3.600372e-06
-3.649430e-06
-3.697175e-06
-3.743667e-06
-3.788943e-06
-3.833002e-06
-3.875891e-06
-3.917649e-06
-3.958289e-06
-3.997867e-06
-4.036401e-06
-4.073913e-06
-4.110440e-06
-4.146011e-06
-4.180675e-06
-4.214447e-06
-4.247364e-06
-4.279445e-06
-4.310727e-06
-4.341223e-06
-4.370976e-06
-4.400006e-06
-4.428350e-06
-4.456025e-06
-4.483040e-06
-4.509430e-06
-4.535216e-06
-4.560427e-06
-4.585085e-06
-4.609211e-06
-4.632820e-06
-4.655947e-06
-4.678599e-06
-4.700799e-06
-4.722567e-06
-4.743920e-06
-4.764876e-06
-4.785454e-06
-4.805673e-06
-4.825555e-06
-4.845114e-06
-4.864364e-06
-4.883323e-06
-4.902013e-06
-4.920448e-06
-4.938644e-06
-4.956622e-06
-4.974397e-06
-4.991989e-06
-5.009415e-06
-5.026689e-06
-5.043831e-06
-5.060864e-06
-5.077807e-06
-5.094679e-06
-5.111502e-06
-5.128298e-06
-5.145093e-06
-5.161909e-06
-5.178776e-06
-5.195723e-06
-5.212779e-06
-5.229981e-06
-5.247366e-06
-5.264975e-06
-5.282855e-06
-5.301055e-06
-5.319636e-06
-5.338665e-06
-5.358216e-06
-5.378380e-06
-5.399257e-06
-5.420968e-06
-5.443658e-06
-5.467497e-06
-5.492694e-06
-5.519506e-06
-5.548253e-06
-5.579342e-06
-5.613295e-06
-5.650798e-06
-5.692772e-06
-5.740485e-06
-5.795733e-06
-5.861151e-06
-5.940772e-06
-6.041080e-06
-6.173180e-06
-6.357680e-06
-6.637092e-06
-7.112656e-06
-8.078934e-06
-1.064035e-05
-1.857774e-05
-2.032453e-05
3.943847e-06
1.871679e-05
-2.883944e-06
-1.946580e-05
-6.793280e-06
2.508104e-05
4.563030e-05
4.842700e-05
1.305015e-05
-9.438428e-06
-1.172466e-05
-1.284893e-05
-1.428132e-05
-1.621979e-05
-1.753456e-05
-1.796264e-05
-1.895719e-05
-2.089745e-05
-2.474398e-05
-2.778853e-05
-2.117993e-05
-1.199800e-05
-8.571010e-06
-7.140528e-06
-5.591604e-06
-2.956272e-06
1.656601e-06
8.448926e-06
1.599251e-05
2.178608e-05
2.347686e-05
2.292659e-05
1.943939e-05
1.108500e-05
1.017673e-06
-1.047441e-05
-2.202461e-05
-2.723521e-05
-2.792636e-05
-3.038648e-05
-3.576006e-05
-3.820577e-05
-4.139160e-05
-3.986679e-05
-3.464202e-05
-3.320530e-05
-3.317458e-05
-3.326492e-05
-3.313335e-05
-3.277548e-05
-3.235970e-05
-3.197574e-05
-3.156290e-05
-3.109439e-05
-3.066776e-05
-3.049015e-05
-3.063491e-05
-3.094948e-05
-3.129081e-05
-3.159349e-05
-3.183708e-05
-3.202039e-05
-3.214891e-05
-3.223004e-05
-3.227145e-05
-3.228105e-05
-3.226497e-05
-3.222855e-05
-3.217648e-05
-3.211248e-05
-3.203957e-05
-3.196016e-05
-3.187630e-05
-3.178952e-05
-3.170096e-05
-3.161166e-05
-3.152237e-05
-3.143377e-05
-3.134596e-05
-3.125941e-05
-3.117440e-05
-3.109128e-05
-3.100976e-05
-3.093016e-05
-3.085246e-05
-3.077685e-05
-3.070304e-05
-3.063129e-05
-3.056134e-05
-3.049327e-05
-3.042712e-05
-3.036268e-05
-3.030009e-05
-3.023910e-05
-3.017987e-05
-3.012214e-05
-3.006610e-05
-3.001146e-05
-2.995839e-05
-2.990667e-05
-2.985641e-05
-2.980747e-05
-2.975979e-05
-2.971343e-05
-2.966824e-05
-2.962426e-05
-2.958146e-05
-2.953969e-05
-2.949905e-05
-2.945947e-05
-2.942083e-05
-2.938321e-05
-2.934655e-05
-2.931077e-05
-2.927590e-05
-2.924189e-05
-2.920873e-05
-2.917633e-05
-2.914473e-05
-2.911391e-05
-2.908382e-05
-2.905441e-05
-2.902569e-05
-2.899765e-05
-2.897026e-05
-2.894350e-05
-2.891731e-05
-2.889172e-05
-2.886670e-05
-2.884224e-05
-2.881831e-05
-2.879488e-05
-2.877193e-05
-2.874948e-05
-2.872750e-05
-2.870598e-05
-2.868489e-05
-2.866423e-05
-2.864396e-05
-2.862409e-05
-2.860461e-05
-2.858550e-05
-2.856676e-05
-2.854837e-05
-2.853032e-05
-2.851260e-05
-2.849517e-05
-2.847806e-05
-2.846125e-05
-2.844473e-05
-2.842849e-05
-2.841253e-05
-2.839683e-05
-2.838140e-05
-2.836623e-05
-2.835130e-05
-2.833660e-05
-2.832213e-05
-2.830789e-05
-2.829386e-05
-2.828005e-05
-2.826644e-05
-2.825303e-05
-2.823981e-05
-2.822677e-05
-2.821392e-05
-2.820125e-05
-2.818879e-05
-2.817650e-05
-2.816440e-05
-2.815248e-05
-2.814072e-05
-2.812914e-05
-2.811771e-05
-2.810645e-05
-2.809533e-05
-2.808436e-05
-2.807353e-05
-2.806283e-05
-2.805227e-05
-2.804183e-05
-2.803152e-05
-2.802132e-05
-2.801124e-05
-2.800127e-05
-2.799141e-05
-2.798165e-05
-2.797199e-05
-2.796244e-05
-2.795297e-05
-2.794361e-05
-2.793434e-05
-2.792515e-05
-2.791606e-05
-2.790705e-05
-2.789812e-05
-2.788928e-05
-2.788052e-05
-2.787183e-05
-2.786323e-05
-2.785469e-05
-2.784624e-05
-2.783785e-05
-2.782954e-05
-2.782130e-05
-2.781312e-05
-2.780502e-05
-2.779698e-05
-2.778901e-05
-2.778110e-05
-2.777326e-05
-2.776548e-05
-2.775777e-05
-2.775012e-05
-2.774253e-05
-2.773500e-05
-2.772754e-05
-2.772014e-05
-2.771280e-05
-2.770552e-05
-2.769830e-05
-2.769115e-05
-2.768405e-05
-2.767702e-05
-2.767004e-05
-2.766313e-05
-2.765628e-05
-2.764949e-05
-2.764277e-05
-2.763611e-05
-2.762951e-05
-2.762297e-05
-2.761650e-05
-2.761009e-05
-2.760375e-05
-2.759748e-05
-2.759127e-05
-2.758513e-05
-2.757906e-05
-2.757306e-05
-2.756713e-05
-2.756127e-05
-2.755549e-05
-2.754978e-05
-2.754415e-05
-2.753860e-05
-2.753313e-05
-2.752774e-05
-2.752244e-05
-2.751722e-05
-2.751210e-05
-2.750707e-05
-2.750213e-05
-2.749729e-05
-2.749256e-05
-2.748792e-05
-2.748340e-05
-2.747899e-05
-2.747470e-05
-2.747053e-05
-2.746648e-05
-2.746257e-05
-2.745880e-05
-2.745517e-05
-2.745170e-05
-2.744838e-05
-2.744524e-05
-2.744227e-05
-2.743948e-05
-2.743690e-05
-2.743452e-05
-2.743237e-05
-2.743046e-05
-2.742880e-05
-2.742742e-05
-2.742633e-05
-2.742555e-05
-2.742512e-05
-2.742505e-05
-2.742539e-05
-2.742617e-05
-2.742744e-05
-2.742924e-05
-2.743163e-05
-2.743468e-05
-2.743847e-05
-2.744309e-05
-2.744865e-05
-2.745529e-05
-2.746316e-05
-2.747247e-05
-2.748347e-05
-2.749647e-05
-2.751187e-05
-2.753018e-05
-2.755210e-05
-2.757855e-05
-2.761082e-05
-2.765077e-05
-2.770114e-05
-2.776616e-05
-2.785277e-05
-2.797306e-05
-2.815001e-05
-2.843277e-05
-2.894469e-05
-3.007178e-05
-3.329814e-05
-4.154655e-05
-4.295217e-05
-2.208086e-05
1.553048e-05
1.198814e-05
-1.512925e-05
-2.602128e-05
-2.284095e-05
1.104425e-05
3.045548e-05
2.272389e-05
-5.335997e-06
-7.596158e-06
-8.115595e-06
-9.418865e-06
-1.360689e-05
-1.844883e-05
-1.963992e-05
-1.866626e-05
-1.786925e-05
-2.287627e-05
-2.930111e-05
-3.056040e-05
-2.504304e-05
-2.296712e-05
-2.297353e-05
-2.341362e-05
-2.389165e-05
-2.433280e-05
-2.472630e-05
-2.507402e-05
-2.538024e-05
-2.564980e-05
-2.588719e-05
-2.609652e-05
-2.628154e-05
-2.644553e-05
-2.659108e-05
-2.672087e-05
-2.683709e-05
-2.694105e-05
-2.703450e-05
-2.711880e-05
-2.719420e-05
-2.726243e-05
-2.732338e-05
-2.737835e-05
-2.742747e-05
-2.747091e-05
-2.750965e-05
-2.754333e-05
-2.757298e-05
-2.759861e-05
-2.762000e-05
-2.763815e-05
-2.765298e-05
-2.766433e-05
-2.767299e-05
-2.767894e-05
-2.768233e-05
-2.768334e-05
-2.768181e-05
-2.767844e-05
-2.767318e-05
-2.766614e-05
-2.765741e-05
-2.764720e-05
-2.763553e-05
-2.762259e-05
-2.760844e-05
-2.759317e-05
-2.757695e-05
-2.755978e-05
-2.754198e-05
-2.752326e-05
-2.750385e-05
-2.748381e-05
-2.746326e-05
-2.744238e-05
-2.742092e-05
-2.739908e-05
-2.737694e-05
-2.735465e-05
-2.733198e-05
-2.730916e-05
-2.728628e-05
-2.726317e-05
-2.724010e-05
-2.721685e-05
-2.719364e-05
-2.717041e-05
-2.714719e-05
-2.712406e-05
-2.710096e-05
-2.707797e-05
-2.705510e-05
-2.703228e-05
-2.700968e-05
-2.698712e-05
-2.696479e-05
-2.694257e-05
-2.692057e-05
-2.689877e-05
-2.687708e-05
-2.685565e-05
-2.683444e-05
-2.681335e-05
-2.679254e-05
-2.677196e-05
-2.675152e-05
-2.673134e-05
-2.671141e-05
-2.669165e-05
-2.667214e-05
-2.665286e-05
-2.663382e-05
-2.661495e-05
-2.659632e-05
-2.657792e-05
-2.655976e-05
-2.654179e-05
-2.652403e-05
-2.650650e-05
-2.648919e-05
-2.647210e-05
-2.645519e-05
-2.643848e-05
-2.642198e-05
-2.640569e-05
-2.638960e-05
-2.637371e-05
-2.635798e-05
-2.634244e-05
-2.632710e-05
-2.631193e-05
-2.629695e-05
-2.628215e-05
-2.626752e-05
-2.625304e-05
-2.623872e-05
-2.622457e-05
-2.621058e-05
-2.619675e-05
-2.618307e-05
-2.616954e-05
-2.615615e-05
-2.614291e-05
-2.612979e-05
-2.611682e-05
-2.610397e-05
-2.609126e-05
-2.607868e-05
-2.606623e-05
-2.605389e-05
-2.604168e-05
-2.602958e-05
-2.601759e-05
-2.600571e-05
-2.599393e-05
-2.598226e-05
-2.597069e-05
-2.595923e-05
-2.594786e-05
-2.593659e-05
-2.592541e-05
-2.591432e-05
-2.590333e-05
-2.589242e-05
-2.588159e-05
-2.587085e-05
-2.586019e-05
-2.584961e-05
-2.583910e-05
-2.582866e-05
-2.581830e-05
-2.580801e-05
-2.579779e-05
-2.578763e-05
-2.577755e-05
-2.576752e-05
-2.575757e-05
-2.574764e-05
-2.573770e-05
-2.572777e-05
-2.571783e-05
-2.570789e-05
-2.569793e-05
-2.568797e-05
-2.567800e-05
-2.566802e-05
-2.565802e-05
-2.564802e-05
-2.563799e-05
-2.562795e-05
-2.561789e-05
-2.560782e-05
-2.559773e-05
-2.558762e-05
-2.557749e-05
-2.556734e-05
-2.555717e-05
-2.554698e-05
-2.553677e-05
-2.552654e-05
-2.551628e-05
-2.550601e-05
-2.549571e-05
-2.548540e-05
-2.547506e-05
-2.546470e-05
-2.545432e-05
-2.544392e-05
-2.543349e-05
-2.542305e-05
-2.541258e-05
-2.540210e-05
-2.539159e-05
-2.538106e-05
