-2.537851e-05
-2.537851e-05
-2.425425e-06
-2.678371e-06
-2.649174e-06
-2.571690e-06
-2.483299e-06
-2.392473e-06
-2.301885e-06
-2.212636e-06
-2.125260e-06
-2.040033e-06
-1.957091e-06
-1.876487e-06
-1.798221e-06
-1.722261e-06
-1.648555e-06
-1.577039e-06
-1.507643e-06
-1.440293e-06
-1.374915e-06
-1.311436e-06
-1.249784e-06
-1.189891e-06
-1.131689e-06
-1.075114e-06
-1.020104e-06
-9.666014e-07
-9.145481e-07
-8.638902e-07
-8.145755e-07
-7.665543e-07
-7.197785e-07
-6.742023e-07
-6.297815e-07
-5.864740e-07
-5.442391e-07
-5.030378e-07
-4.628327e-07
-4.235880e-07
-3.852692e-07
-3.478432e-07
-3.112782e-07
-2.755438e-07
-2.406107e-07
-2.064509e-07
-1.730375e-07
-1.403446e-07
-1.083474e-07
-7.702224e-08
-4.634626e-08
-1.629761e-08
1.314466e-08
4.200065e-08
7.028964e-08
9.803010e-08
1.252398e-07
1.519356e-07
1.781339e-07
2.038503e-07
2.290997e-07
2.538966e-07
2.782547e-07
3.021872e-07
3.257068e-07
3.488256e-07
3.715554e-07
3.939072e-07
4.158919e-07
4.375198e-07
4.588008e-07
4.797443e-07
5.003595e-07
5.206553e-07
5.406400e-07
5.603217e-07
5.797082e-07
5.988071e-07
6.176255e-07
6.361704e-07
6.544485e-07
6.724661e-07
6.902295e-07
7.077447e-07
7.250174e-07
7.420532e-07
7.588573e-07
7.754350e-07
7.917912e-07
8.079308e-07
8.238584e-07
8.395784e-07
8.550952e-07
8.704129e-07
8.855357e-07
9.004675e-07
9.152120e-07
9.297729e-07
9.441538e-07
9.583580e-07
9.723891e-07
9.862501e-07
9.999442e-07
1.013474e-06
1.026844e-06
1.040055e-06
1.053111e-06
1.066015e-06
1.078769e-06
1.091375e-06
1.103837e-06
1.116156e-06
1.128335e-06
1.140376e-06
1.152282e-06
1.164055e-06
1.175696e-06
1.187208e-06
1.198593e-06
1.209852e-06
1.220989e-06
1.232004e-06
1.242899e-06
1.253677e-06
1.264338e-06
1.274885e-06
1.285320e-06
1.295643e-06
1.305857e-06
1.315963e-06
1.325963e-06
1.335858e-06
1.345649e-06
1.355338e-06
1.364927e-06
1.374417e-06
1.383808e-06
1.393103e-06
1.402303e-06
1.411408e-06
1.420421e-06
1.429342e-06
1.438173e-06
1.446915e-06
1.455568e-06
1.464135e-06
1.472616e-06
1.481012e-06
1.489324e-06
1.497554e-06
1.505702e-06
1.513769e-06
1.521757e-06
1.529666e-06
1.537498e-06
1.545253e-06
1.552932e-06
1.560536e-06
1.568066e-06
1.575523e-06
1.582908e-06
1.590221e-06
1.597464e-06
1.604637e-06
1.611741e-06
1.618777e-06
1.625746e-06
1.632648e-06
1.639485e-06
1.646256e-06
1.652964e-06
1.659607e-06
1.666188e-06
1.672707e-06
1.679164e-06
1.685561e-06
1.691897e-06
1.698174e-06
1.704393e-06
1.710553e-06
1.716656e-06
1.722702e-06
1.728693e-06
1.734627e-06
1.740507e-06
1.746332e-06
1.752103e-06
1.757822e-06
1.763487e-06
1.769101e-06
1.774663e-06
1.780174e-06
1.785635e-06
1.791046e-06
1.796408e-06
1.801721e-06
1.806986e-06
1.812203e-06
1.817373e-06
1.822496e-06
1.827573e-06
1.832604e-06
1.837589e-06
1.842530e-06
1.847427e-06
1.852280e-06
1.857089e-06
1.861855e-06
1.866579e-06
1.871260e-06
1.875900e-06
1.880499e-06
1.885057e-06
1.889574e-06
1.894052e-06
1.898490e-06
1.902889e-06
1.907249e-06
1.911570e-06
1.915854e-06
1.920100e-06
1.924309e-06
1.928481e-06
1.932617e-06
1.936716e-06
1.940780e-06
1.944808e-06
1.948801e-06
1.952760e-06
1.956684e-06
1.960575e-06
1.964431e-06
1.968255e-06
1.972045e-06
1.975803e-06
1.979529e-06
1.983222e-06
1.986884e-06
1.990514e-06
1.994114e-06
1.997682e-06
2.001221e-06
2.004729e-06
2.008207e-06
2.011656e-06
2.015075e-06
2.018466e-06
2.021827e-06
2.025161e-06
2.028466e-06
2.031743e-06
2.034993e-06
2.038216e-06
2.041411e-06
2.044580e-06
2.047722e-06
2.050838e-06
2.053928e-06
2.056992e-06
2.060031e-06
2.063044e-06
2.066033e-06
2.068996e-06
2.071936e-06
2.074851e-06
2.077741e-06
2.080608e-06
2.083452e-06
2.086272e-06
2.089069e-06
2.091843e-06
2.094594e-06
2.097323e-06
2.100030e-06
2.102715e-06
2.105378e-06
2.108019e-06
2.110639e-06
2.113237e-06
2.115815e-06
2.118372e-06
2.120908e-06
2.123424e-06
2.125919e-06
2.128395e-06
2.130851e-06
2.133287e-06
2.135704e-06
2.138101e-06
2.140480e-06
2.142839e-06
2.145180e-06
2.147502e-06
2.149806e-06
2.152092e-06
2.154360e-06
2.156610e-06
2.158842e-06
2.161057e-06
2.163254e-06
2.165434e-06
2.167598e-06
2.169744e-06
2.171874e-06
2.173987e-06
2.176084e-06
2.178164e-06
2.180229e-06
2.182277e-06
2.184310e-06
2.186327e-06
2.188329e-06
2.190316e-06
2.192287e-06
2.194243e-06
2.196184e-06
2.198111e-06
2.200023e-06
2.201920e-06
2.203803e-06
2.205672e-06
2.207527e-06
2.209368e-06
2.211195e-06
2.213008e-06
2.214808e-06
2.216594e-06
2.218367e-06
2.220127e-06
2.221874e-06
2.223607e-06
2.225328e-06
2.227036e-06
2.228732e-06
2.230415e-06
2.232086e-06
2.233744e-06
2.235391e-06
2.237025e-06
2.238647e-06
2.240258e-06
2.241857e-06
2.243444e-06
2.245020e-06
2.246584e-06
2.248137e-06
2.249679e-06
2.251210e-06
2.252729e-06
2.254238e-06
2.255736e-06
2.257224e-06
2.258701e-06
2.260167e-06
2.261623e-06
2.263069e-06
2.264504e-06
2.265929e-06
2.267344e-06
2.268750e-06
2.270145e-06
2.271531e-06
2.272906e-06
2.274273e-06
2.275629e-06
2.276977e-06
2.278315e-06
2.279643e-06
2.280963e-06
2.282273e-06
2.283575e-06
2.284867e-06
2.286151e-06
2.287425e-06
2.288691e-06
2.289949e-06
2.291198e-06
2.292438e-06
2.293669e-06
2.294891e-06
2.296104e-06
2.297309e-06
2.298505e-06
2.299692e-06
2.300871e-06
2.302041e-06
2.303203e-06
2.304357e-06
2.305502e-06
2.306640e-06
2.307770e-06
2.308891e-06
2.310005e-06
2.311111e-06
2.312210e-06
2.313301e-06
2.314384e-06
2.315460e-06
2.316529e-06
2.317590e-06
2.318644e-06
2.319691e-06
2.320730e-06
2.321763e-06
2.322789e-06
2.323807e-06
2.324817e-06
2.325820e-06
2.326815e-06
2.327802e-06
2.328782e-06
2.329755e-06
2.330720e-06
2.331679e-06
2.332630e-06
2.333574e-06
2.334511e-06
2.335442e-06
2.336366e-06
2.337283e-06
2.338193e-06
2.339097e-06
2.339995e-06
2.340886e-06
2.341771e-06
2.342650e-06
2.343523e-06
2.344389e-06
2.345250e-06
2.346105e-06
2.346953e-06
2.347796e-06
2.348633e-06
2.349465e-06
2.350291e-06
2.351111e-06
2.351925e-06
2.352734e-06
2.353538e-06
2.354336e-06
2.355129e-06
2.355917e-06
2.356700e-06
2.357477e-06
2.358249e-06
2.359017e-06
2.359779e-06
2.360536e-06
2.361288e-06
2.362036e-06
2.362779e-06
2.363517e-06
2.364250e-06
2.364978e-06
2.365702e-06
2.366422e-06
2.367137e-06
2.367847e-06
2.368553e-06
2.369255e-06
2.369952e-06
2.370645e-06
2.371334e-06
2.372018e-06
2.372699e-06
2.373375e-06
2.374047e-06
2.374715e-06
2.375379e-06
2.376039e-06
2.376696e-06
2.377348e-06
2.377996e-06
2.378641e-06
2.379282e-06
2.379919e-06
2.380553e-06
2.381183e-06
2.381809e-06
2.382432e-06
2.383051e-06
2.383666e-06
2.384278e-06
2.384887e-06
2.385492e-06
2.386094e-06
2.386693e-06
2.387288e-06
2.387880e-06
2.388469e-06
2.389054e-06
2.389637e-06
2.390216e-06
2.390792e-06
2.391365e-06
2.391935e-06
2.392502e-06
2.393066e-06
2.393627e-06
2.394185e-06
2.394740e-06
2.395292e-06
2.395842e-06
2.396389e-06
2.396932e-06
2.397473e-06
2.398012e-06
2.398547e-06
2.399080e-06
2.399611e-06
2.400138e-06
2.400663e-06
2.401186e-06
2.401706e-06
2.402223e-06
2.402738e-06
2.403251e-06
2.403761e-06
2.404268e-06
2.404773e-06
2.405276e-06
2.405776e-06
2.406274e-06
2.406770e-06
2.407264e-06
2.407755e-06
2.408244e-06
2.408731e-06
2.409215e-06
2.409697e-06
2.410177e-06
2.410656e-06
2.411131e-06
2.411605e-06
2.412077e-06
2.412547e-06
2.413014e-06
2.413480e-06
2.413943e-06
2.414405e-06
2.414865e-06
2.415322e-06
2.415778e-06
2.416232e-06
2.416684e-06
2.417134e-06
2.417582e-06
2.418029e-06
2.418474e-06
2.418916e-06
2.419357e-06
2.419797e-06
2.420234e-06
2.420670e-06
2.421104e-06
2.421536e-06
2.421967e-06
2.422396e-06
2.422823e-06
2.423249e-06
2.423673e-06
2.424096e-06
2.424516e-06
2.424936e-06
2.425354e-06
2.425770e-06
2.426184e-06
2.426597e-06
2.427009e-06
2.427419e-06
2.427828e-06
2.428235e-06
2.428641e-06
2.429045e-06
2.429448e-06
2.429849e-06
2.430249e-06
2.430648e-06
2.431045e-06
2.431441e-06
2.431836e-06
2.432229e-06
2.432621e-06
2.433011e-06
2.433401e-06
2.433789e-06
2.434175e-06
2.434561e-06
2.434945e-06
2.435328e-06
2.435710e-06
2.436090e-06
2.436469e-06
2.436847e-06
2.437224e-06
2.437600e-06
2.437974e-06
2.438348e-06
2.438720e-06
2.439091e-06
2.439461e-06
2.439830e-06
2.440197e-06
2.440564e-06
2.440929e-06
2.441294e-06
2.441657e-06
2.442019e-06
2.442380e-06
2.442740e-06
2.443100e-06
2.443458e-06
2.443815e-06
2.444171e-06
2.444526e-06
2.444880e-06
2.445233e-06
2.445585e-06
2.445936e-06
2.446286e-06
2.446635e-06
2.446983e-06
2.447331e-06
2.447677e-06
2.448022e-06
2.448367e-06
2.448710e-06
2.449053e-06
2.449395e-06
2.449736e-06
2.450076e-06
2.450415e-06
2.450753e-06
2.451090e-06
2.451427e-06
2.451763e-06
2.452098e-06
2.452432e-06
2.452765e-06
2.453097e-06
2.453428e-06
2.453757e-06
2.454085e-06
2.454413e-06
2.454738e-06
2.455063e-06
2.455387e-06
2.455709e-06
2.456031e-06
2.456351e-06
2.456670e-06
2.456988e-06
2.457305e-06
2.457622e-06
2.457937e-06
2.458251e-06
2.458564e-06
2.458876e-06
2.459187e-06
2.459498e-06
2.459807e-06
2.460115e-06
2.460423e-06
2.460730e-06
2.461035e-06
2.461340e-06
2.461644e-06
2.461947e-06
2.462249e-06
2.462551e-06
2.462852e-06
2.463151e-06
2.463450e-06
2.463748e-06
2.464046e-06
2.464342e-06
2.464638e-06
2.464933e-06
2.465227e-06
2.465521e-06
2.465814e-06
2.466106e-06
2.466397e-06
2.466688e-06
2.466977e-06
2.467267e-06
2.467555e-06
2.467843e-06
2.468130e-06
2.468416e-06
2.468702e-06
2.468987e-06
2.469271e-06
2.469555e-06
2.469838e-06
2.470121e-06
2.470402e-06
2.470684e-06
2.470964e-06
2.471244e-06
2.471523e-06
2.471802e-06
2.472080e-06
2.472358e-06
2.472635e-06
2.472911e-06
2.473187e-06
2.473462e-06
2.473737e-06
2.474011e-06
2.474284e-06
2.474557e-06
2.474830e-06
2.475102e-06
2.475373e-06
2.475644e-06
2.475914e-06
2.476184e-06
2.476453e-06
2.476722e-06
2.476991e-06
2.477258e-06
2.477526e-06
2.477792e-06
2.478059e-06
2.478325e-06
2.478590e-06
2.478855e-06
2.479119e-06
2.479383e-06
2.479647e-06
2.479910e-06
2.480172e-06
2.480435e-06
2.480696e-06
2.480958e-06
2.481218e-06
2.481479e-06
2.481739e-06
2.481998e-06
2.482257e-06
2.482516e-06
2.482774e-06
2.483032e-06
2.483290e-06
2.483547e-06
2.483804e-06
2.484060e-06
2.484316e-06
2.484571e-06
2.484826e-06
2.485081e-06
2.485335e-06
2.485589e-06
2.485843e-06
2.486096e-06
2.486349e-06
2.486602e-06
2.486854e-06
2.487105e-06
2.487357e-06
2.487608e-06
2.487858e-06
2.488109e-06
2.488359e-06
2.488608e-06
2.488858e-06
2.489107e-06
2.489355e-06
2.489604e-06
2.489852e-06
2.490099e-06
2.490346e-06
2.490593e-06
2.490840e-06
2.491086e-06
2.491332e-06
2.491578e-06
2.491823e-06
2.492068e-06
2.492312e-06
2.492556e-06
2.492799e-06
2.493042e-06
2.493284e-06
2.493526e-06
2.493767e-06
2.494008e-06
2.494249e-06
2.494489e-06
2.494729e-06
2.494969e-06
2.495208e-06
2.495447e-06
2.495685e-06
2.495923e-06
2.496161e-06
2.496398e-06
2.496635e-06
2.496871e-06
2.497107e-06
2.497343e-06
2.497579e-06
2.458062e-06
2.387728e-06
2.297629e-06
2.193769e-06
2.080298e-06
1.960237e-06
1.835789e-06
1.708558e-06
1.579708e-06
1.450083e-06
1.320292e-06
1.190775e-06
1.061847e-06
9.337347e-07
8.065978e-07
6.805486e-07
5.556643e-07
4.319974e-07
3.095815e-07
1.884376e-07
6.857742e-08
-4.999397e-08
-1.672764e-07
-2.832732e-07
-3.979903e-07
-5.114361e-07
-6.236213e-07
-7.345597e-07
-8.442705e-07
-9.527821e-07
-1.060139e-06
-1.166413e-06
-1.271726e-06
-1.376297e-06
-1.480508e-06
-1.585069e-06
-1.691382e-06
-1.802381e-06
-1.924634e-06
-2.074690e-06
-2.301841e-06
-2.792800e-06
-4.481071e-06
-7.798406e-06
1.021655e-05
2.836361e-06
-1.324071e-05
4.989242e-06
4.174916e-05
3.717220e-05
-2.233423e-06
-6.167122e-06
-7.576012e-06
-8.824766e-06
-1.003171e-05
-1.127315e-05
-1.287745e-05
-1.453051e-05
-1.524914e-05
-1.723526e-05
-2.027299e-05
-2.112258e-05
-1.474762e-05
-1.076024e-05
-9.965240e-06
-1.011980e-05
-1.047642e-05
-1.085702e-05
-1.122212e-05
-1.156506e-05
-1.188632e-05
-1.218846e-05
-1.247416e-05
-1.274599e-05
-1.300630e-05
-1.325758e-05
-1.350251e-05
-1.374397e-05
-1.398501e-05
-1.422932e-05
-1.448113e-05
-1.474618e-05
-1.503059e-05
-1.534301e-05
-1.569462e-05
-1.610019e-05
-1.658199e-05
-1.717239e-05
-1.792337e-05
-1.892507e-05
-2.034649e-05
-2.254823e-05
-2.643757e-05
-3.483058e-05
-5.791084e-05
-9.964330e-05
-6.782191e-05
-5.149456e-05
-5.285460e-05
-5.890357e-05
-7.348425e-05
-5.354577e-05
5.058594e-05
2.451161e-04
3.012772e-04
1.411530e-04
5.649938e-05
5.857973e-06
-2.636847e-05
-7.835013e-05
-1.229055e-04
-2.002612e-04
-1.333818e-04
-4.847494e-06
1.220043e-05
1.330875e-05
1.241669e-05
1.060651e-05
8.148773e-06
6.003957e-06
5.350229e-06
7.530142e-06
1.323850e-05
1.963117e-05
2.565470e-05
3.135757e-05
3.494879e-05
3.391894e-05
2.652958e-05
1.659890e-05
9.001073e-06
4.156215e-06
1.310452e-06
-2.985221e-07
-1.177828e-06
-1.633960e-06
-1.847996e-06
-1.927084e-06
-1.934361e-06
-1.907214e-06
-1.867538e-06
-1.827762e-06
-1.794909e-06
-1.772407e-06
-1.761610e-06
-1.762713e-06
-1.775165e-06
-1.797966e-06
-1.830008e-06
-1.870113e-06
-1.917071e-06
-1.969708e-06
-2.027120e-06
-2.088359e-06
-2.152590e-06
-2.219062e-06
-2.287174e-06
-2.356427e-06
-2.426360e-06
-2.496498e-06
-2.566565e-06
-2.636312e-06
-2.705448e-06
-2.773841e-06
-2.841302e-06
-2.907643e-06
-2.972892e-06
-3.036879e-06
-3.099575e-06
-3.160949e-06
-3.220943e-06
-3.279548e-06
-3.336746e-06
-3.392574e-06
-3.447006e-06
-3.500049e-06
-3.551756e-06
-3.602119e-06
-3.651169e-06
-3.698905e-06
-3.745389e-06
-3.790656e-06
-3.834707e-06
-3.877588e-06
-3.919339e-06
-3.959971e-06
-3.999542e-06
-4.038068e-06
-4.075572e-06
-4.112093e-06
-4.147657e-06
-4.182314e-06
-4.216080e-06
-4.248989e-06
-4.281064e-06
-4.312340e-06
-4.342829e-06
-4.372575e-06
-4.401600e-06
-4.429937e-06
-4.457607e-06
-4.484615e-06
-4.510999e-06
-4.536780e-06
-4.561985e-06
-4.586637e-06
-4.610758e-06
-4.634362e-06
-4.657483e-06
-4.680130e-06
-4.702324e-06
-4.724087e-06
-4.745435e-06
-4.766386e-06
-4.786958e-06
-4.807173e-06
-4.827050e-06
-4.846604e-06
-4.865850e-06
-4.884804e-06
-4.903489e-06
-4.921919e-06
-4.940111e-06
-4.958084e-06
-4.975856e-06
-4.993444e-06
-5.010865e-06
-5.028134e-06
-5.045273e-06
-5.062302e-06
-5.079241e-06
-5.096109e-06
-5.112928e-06
-5.129721e-06
-5.146512e-06
-5.163325e-06
-5.180189e-06
-5.197132e-06
-5.214185e-06
-5.231384e-06
-5.248766e-06
-5.266372e-06
-5.284249e-06
-5.302447e-06
-5.321025e-06
-5.340051e-06
-5.359601e-06
-5.379762e-06
-5.400638e-06
-5.422347e-06
-5.445035e-06
-5.468873e-06
-5.494070e-06
-5.520881e-06
-5.549628e-06
-5.580718e-06
-5.614672e-06
-5.652177e-06
-5.694154e-06
-5.741870e-06
-5.797123e-06
-5.862549e-06
-5.942180e-06
-6.042501e-06
-6.174620e-06
-6.359149e-06
-6.638605e-06
-7.114249e-06
-8.080690e-06
-1.064253e-05
-1.858127e-05
-2.032915e-05
3.943702e-06
1.871796e-05
-2.895516e-06
-1.947877e-05
-6.803804e-06
2.507531e-05
4.562861e-05
4.842591e-05
1.304243e-05
-9.450393e-06
-1.173704e-05
-1.286143e-05
-1.429404e-05
-1.623286e-05
-1.754784e-05
-1.797592e-05
-1.897054e-05
-2.091105e-05
-2.475819e-05
-2.780319e-05
-2.119322e-05
-1.200940e-05
-8.581580e-06
-7.150606e-06
-5.601124e-06
-2.965100e-06
1.648011e-06
8.436989e-06
1.596904e-05
2.175076e-05
2.343833e-05
2.288666e-05
1.940109e-05
1.105292e-05
9.910609e-07
-1.049820e-05
-2.204732e-05
-2.725716e-05
-2.794872e-05
-3.040985e-05
-3.578293e-05
-3.822365e-05
-4.140262e-05
-3.987652e-05
-3.465337e-05
-3.321749e-05
-3.318736e-05
-3.327757e-05
-3.314558e-05
-3.278724e-05
-3.237099e-05
-3.198661e-05
-3.157348e-05
-3.110481e-05
-3.067805e-05
-3.050024e-05
-3.064474e-05
-3.095905e-05
-3.130021e-05
-3.160278e-05
-3.184631e-05
-3.202958e-05
-3.215808e-05
-3.223919e-05
-3.228058e-05
-3.229016e-05
-3.227405e-05
-3.223761e-05
-3.218550e-05
-3.212147e-05
-3.204852e-05
-3.196907e-05
-3.188516e-05
-3.179835e-05
-3.170974e-05
-3.162040e-05
-3.153106e-05
-3.144242e-05
-3.135457e-05
-3.126797e-05
-3.118292e-05
-3.109976e-05
-3.101820e-05
-3.093856e-05
-3.086083e-05
-3.078518e-05
-3.071133e-05
-3.063953e-05
-3.056956e-05
-3.050144e-05
-3.043527e-05
-3.037079e-05
-3.030817e-05
-3.024715e-05
-3.018789e-05
-3.013013e-05
-3.007406e-05
-3.001940e-05
-2.996630e-05
-2.991455e-05
-2.986426e-05
-2.981530e-05
-2.976760e-05
-2.972122e-05
-2.967599e-05
-2.963200e-05
-2.958917e-05
-2.954739e-05
-2.950672e-05
-2.946713e-05
-2.942847e-05
-2.939083e-05
-2.935415e-05
-2.931835e-05
-2.928346e-05
-2.924944e-05
-2.921626e-05
-2.918384e-05
-2.915223e-05
-2.912139e-05
-2.909129e-05
-2.906187e-05
-2.903314e-05
-2.900508e-05
-2.897768e-05
-2.895091e-05
-2.892470e-05
-2.889910e-05
-2.887407e-05
-2.884959e-05
-2.882565e-05
-2.880221e-05
-2.877926e-05
-2.875679e-05
-2.873480e-05
-2.871327e-05
-2.869218e-05
-2.867151e-05
-2.865123e-05
-2.863135e-05
-2.861186e-05
-2.859274e-05
-2.857399e-05
-2.855559e-05
-2.853753e-05
-2.851980e-05
-2.850237e-05
-2.848525e-05
-2.846844e-05
-2.845191e-05
-2.843566e-05
-2.841969e-05
-2.840399e-05
-2.838856e-05
-2.837338e-05
-2.835844e-05
-2.834373e-05
-2.832926e-05
-2.831501e-05
-2.830098e-05
-2.828716e-05
-2.827354e-05
-2.826013e-05
-2.824690e-05
-2.823386e-05
-2.822100e-05
-2.820833e-05
-2.819586e-05
-2.818357e-05
-2.817146e-05
-2.815953e-05
-2.814777e-05
-2.813619e-05
-2.812476e-05
-2.811348e-05
-2.810236e-05
-2.809139e-05
-2.808055e-05
-2.806985e-05
-2.805928e-05
-2.804884e-05
-2.803852e-05
-2.802832e-05
-2.801823e-05
-2.800826e-05
-2.799840e-05
-2.798863e-05
-2.797897e-05
-2.796941e-05
-2.795994e-05
-2.795057e-05
-2.794130e-05
-2.793211e-05
-2.792301e-05
-2.791399e-05
-2.790507e-05
-2.789622e-05
-2.788745e-05
-2.787876e-05
-2.787015e-05
-2.786161e-05
-2.785315e-05
-2.784476e-05
-2.783645e-05
-2.782820e-05
-2.782002e-05
-2.781191e-05
-2.780387e-05
-2.779590e-05
-2.778799e-05
-2.778014e-05
-2.777236e-05
-2.776464e-05
-2.775698e-05
-2.774939e-05
-2.774186e-05
-2.773439e-05
-2.772699e-05
-2.771964e-05
-2.771236e-05
-2.770514e-05
-2.769798e-05
-2.769088e-05
-2.768384e-05
-2.767686e-05
-2.766995e-05
-2.766309e-05
-2.765630e-05
-2.764957e-05
-2.764291e-05
-2.763630e-05
-2.762976e-05
-2.762329e-05
-2.761688e-05
-2.761053e-05
-2.760425e-05
-2.759804e-05
-2.759190e-05
-2.758582e-05
-2.757982e-05
-2.757388e-05
-2.756802e-05
-2.756224e-05
-2.755652e-05
-2.755089e-05
-2.754533e-05
-2.753986e-05
-2.753447e-05
-2.752916e-05
-2.752394e-05
-2.751882e-05
-2.751378e-05
-2.750884e-05
-2.750400e-05
-2.749926e-05
-2.749462e-05
-2.749009e-05
-2.748568e-05
-2.748138e-05
-2.747721e-05
-2.747316e-05
-2.746925e-05
-2.746547e-05
-2.746184e-05
-2.745836e-05
-2.745504e-05
-2.745189e-05
-2.744892e-05
-2.744613e-05
-2.744355e-05
-2.744117e-05
-2.743901e-05
-2.743710e-05
-2.743544e-05
-2.743405e-05
-2.743295e-05
-2.743217e-05
-2.743174e-05
-2.743167e-05
-2.743201e-05
-2.743279e-05
-2.743405e-05
-2.743585e-05
-2.743823e-05
-2.744128e-05
-2.744507e-05
-2.744968e-05
-2.745524e-05
-2.746188e-05
-2.746975e-05
-2.747906e-05
-2.749006e-05
-2.750306e-05
-2.751846e-05
-2.753677e-05
-2.755868e-05
-2.758513e-05
-2.761741e-05
-2.765737e-05
-2.770774e-05
-2.777277e-05
-2.785939e-05
-2.797969e-05
-2.815667e-05
-2.843947e-05
-2.895148e-05
-3.007874e-05
-3.330561e-05
-4.155537e-05
-4.296205e-05
-2.208762e-05
1.552937e-05
1.198585e-05
-1.513877e-05
-2.603225e-05
-2.285618e-05
1.103640e-05
3.045203e-05
2.271945e-05
-5.345470e-06
-7.605875e-06
-8.125295e-06
-9.428745e-06
-1.361755e-05
-1.846033e-05
-1.965150e-05
-1.867750e-05
-1.788020e-05
-2.288802e-05
-2.931394e-05
-3.057333e-05
-2.505478e-05
-2.297835e-05
-2.298463e-05
-2.342467e-05
-2.390267e-05
-2.434378e-05
-2.473723e-05
-2.508490e-05
-2.539105e-05
-2.566055e-05
-2.589787e-05
-2.610712e-05
-2.629207e-05
-2.645598e-05
-2.660145e-05
-2.673116e-05
-2.684730e-05
-2.695117e-05
-2.704455e-05
-2.712876e-05
-2.720408e-05
-2.727223e-05
-2.733310e-05
-2.738799e-05
-2.743704e-05
-2.748040e-05
-2.751906e-05
-2.755266e-05
-2.758224e-05
-2.760780e-05
-2.762912e-05
-2.764720e-05
-2.766196e-05
-2.767325e-05
-2.768183e-05
-2.768772e-05
-2.769105e-05
-2.769200e-05
-2.769041e-05
-2.768698e-05
-2.768165e-05
-2.767456e-05
-2.766577e-05
-2.765550e-05
-2.764378e-05
-2.763078e-05
-2.761658e-05
-2.760127e-05
-2.758500e-05
-2.756778e-05
-2.754993e-05
-2.753116e-05
-2.751171e-05
-2.749162e-05
-2.747103e-05
-2.745011e-05
-2.742860e-05
-2.740673e-05
-2.738454e-05
-2.736222e-05
-2.733951e-05
-2.731666e-05
-2.729374e-05
-2.727059e-05
-2.724749e-05
-2.722421e-05
-2.720096e-05
-2.717770e-05
-2.715445e-05
-2.713129e-05
-2.710816e-05
-2.708514e-05
-2.706224e-05
-2.703940e-05
-2.701677e-05
-2.699418e-05
-2.697183e-05
-2.694959e-05
-2.692756e-05
-2.690574e-05
-2.688403e-05
-2.686257e-05
-2.684134e-05
-2.682023e-05
-2.679940e-05
-2.677880e-05
-2.675833e-05
-2.673814e-05
-2.671818e-05
-2.669841e-05
-2.667888e-05
-2.665958e-05
-2.664052e-05
-2.662163e-05
-2.660299e-05
-2.658457e-05
-2.656640e-05
-2.654841e-05
-2.653064e-05
-2.651310e-05
-2.649577e-05
-2.647866e-05
-2.646174e-05
-2.644501e-05
-2.642850e-05
-2.641220e-05
-2.639610e-05
-2.638019e-05
-2.636445e-05
-2.634890e-05
-2.633354e-05
-2.631837e-05
-2.630338e-05
-2.628856e-05
-2.627392e-05
-2.625943e-05
-2.624510e-05
-2.623094e-05
-2.621694e-05
-2.620309e-05
-2.618940e-05
-2.617586e-05
-2.616247e-05
-2.614922e-05
-2.613609e-05
-2.612311e-05
-2.611026e-05
-2.609754e-05
-2.608495e-05
-2.607248e-05
-2.606014e-05
-2.604791e-05
-2.603581e-05
-2.602381e-05
-2.601192e-05
-2.600014e-05
-2.598846e-05
-2.597688e-05
-2.596541e-05
-2.595403e-05
-2.594276e-05
-2.593157e-05
-2.592048e-05
-2.590947e-05
-2.589856e-05
-2.588772e-05
-2.587698e-05
-2.586631e-05
-2.585572e-05
-2.584520e-05
-2.583476e-05
-2.582439e-05
-2.581409e-05
-2.580386e-05
-2.579370e-05
-2.578361e-05
-2.577358e-05
-2.576362e-05
-2.575368e-05
-2.574375e-05
-2.573381e-05
-2.572386e-05
-2.571391e-05
-2.570395e-05
-2.569398e-05
-2.568401e-05
-2.567402e-05
-2.566402e-05
-2.565400e-05
-2.564397e-05
-2.563393e-05
-2.562386e-05
-2.561378e-05
-2.560369e-05
-2.559357e-05
-2.558343e-05
-2.557328e-05
-2.556310e-05
-2.555291e-05
-2.554269e-05
-2.553245e-05
-2.552220e-05
-2.551192e-05
-2.550162e-05
-2.549129e-05
-2.548095e-05
-2.547059e-05
-2.546020e-05
-2.544979e-05
-2.543936e-05
-2.542891e-05
-2.541844e-05
-2.540795e-05
-2.539743e-05
-2.538690e-05
