-1.191356e-10
-1.191356e-10
-3.686748e-13
2.502087e-13
5.128966e-13
6.211148e-13
6.833171e-13
7.313128e-13
7.728193e-13
8.094998e-13
8.418525e-13
8.703215e-13
8.954468e-13
9.178126e-13
9.379832e-13
9.564624e-13
9.736754e-13
9.899654e-13
1.005599e-12
1.020774e-12
1.035632e-12
1.050269e-12
1.064742e-12
1.079081e-12
1.093293e-12
1.107369e-12
1.121290e-12
1.135030e-12
1.148557e-12
1.161838e-12
1.174838e-12
1.187525e-12
1.199866e-12
1.211834e-12
1.223400e-12
1.234541e-12
1.245237e-12
1.255471e-12
1.265226e-12
1.274491e-12
1.283257e-12
1.291517e-12
1.299266e-12
1.306501e-12
1.313222e-12
1.319428e-12
1.325123e-12
1.330309e-12
1.334991e-12
1.339175e-12
1.342866e-12
1.346072e-12
1.348800e-12
1.351058e-12
1.352854e-12
1.354198e-12
1.355097e-12
1.355560e-12
1.355597e-12
1.355217e-12
1.354428e-12
1.353240e-12
1.351662e-12
1.349701e-12
1.347368e-12
1.344669e-12
1.341615e-12
1.338213e-12
1.334470e-12
1.330395e-12
1.325996e-12
1.321279e-12
1.316252e-12
1.310923e-12
1.305297e-12
1.299382e-12
1.293183e-12
1.286708e-12
1.279963e-12
1.272952e-12
1.265683e-12
1.258160e-12
1.250389e-12
1.242375e-12
1.234124e-12
1.225640e-12
1.216928e-12
1.207993e-12
1.198838e-12
1.189470e-12
1.179891e-12
1.170107e-12
1.160121e-12
1.149937e-12
1.139559e-12
1.128990e-12
1.118235e-12
1.107297e-12
1.096179e-12
1.084885e-12
1.073418e-12
1.061781e-12
1.049978e-12
1.038011e-12
1.025884e-12
1.013599e-12
1.001160e-12
9.885685e-13
9.758281e-13
9.629414e-13
9.499109e-13
9.367393e-13
9.234291e-13
9.099828e-13
8.964030e-13
8.826918e-13
8.688518e-13
8.548853e-13
8.407945e-13
8.265817e-13
8.122491e-13
7.977988e-13
7.832329e-13
7.685536e-13
7.537630e-13
7.388630e-13
7.238556e-13
7.087428e-13
6.935266e-13
6.782088e-13
6.627913e-13
6.472760e-13
6.316647e-13
6.159591e-13
6.001610e-13
5.842723e-13
5.682945e-13
5.522294e-13
5.360786e-13
5.198439e-13
5.035267e-13
4.871288e-13
4.706516e-13
4.540968e-13
4.374658e-13
4.207603e-13
4.039816e-13
3.871313e-13
3.702107e-13
3.532215e-13
3.361648e-13
3.190422e-13
3.018551e-13
2.846047e-13
2.672924e-13
2.499196e-13
2.324876e-13
2.149975e-13
1.974509e-13
1.798487e-13
1.621924e-13
1.444832e-13
1.267222e-13
1.089106e-13
9.104964e-14
7.314047e-14
5.518423e-14
3.718205e-14
1.913505e-14
1.044340e-15
-1.708900e-14
-3.526388e-14
-5.347924e-14
-7.173404e-14
-9.002724e-14
-1.083578e-13
-1.267247e-13
-1.451270e-13
-1.635637e-13
-1.820338e-13
-2.005363e-13
-2.190704e-13
-2.376350e-13
-2.562292e-13
-2.748522e-13
-2.935030e-13
-3.121807e-13
-3.308845e-13
-3.496135e-13
-3.683668e-13
-3.871436e-13
-4.059430e-13
-4.247643e-13
-4.436066e-13
-4.624691e-13
-4.813511e-13
-5.002516e-13
-5.191701e-13
-5.381056e-13
-5.570575e-13
-5.760249e-13
-5.950073e-13
-6.140037e-13
-6.330136e-13
-6.520362e-13
-6.710708e-13
-6.901167e-13
-7.091733e-13
-7.282399e-13
-7.473157e-13
-7.664002e-13
-7.854927e-13
-8.045926e-13
-8.236991e-13
-8.428118e-13
-8.619300e-13
-8.810531e-13
-9.001805e-13
-9.193115e-13
-9.384457e-13
-9.575824e-13
-9.767211e-13
-9.958611e-13
-1.015002e-12
-1.034143e-12
-1.053284e-12
-1.072424e-12
-1.091563e-12
-1.110700e-12
-1.129835e-12
-1.148967e-12
-1.168095e-12
-1.187220e-12
-1.206340e-12
-1.225456e-12
-1.244566e-12
-1.263671e-12
-1.282769e-12
-1.301861e-12
-1.320945e-12
-1.340022e-12
-1.359091e-12
-1.378152e-12
-1.397203e-12
-1.416245e-12
-1.435278e-12
-1.454300e-12
-1.473312e-12
-1.492313e-12
-1.511303e-12
-1.530281e-12
-1.549247e-12
-1.568200e-12
-1.587141e-12
-1.606068e-12
-1.624981e-12
-1.643881e-12
-1.662766e-12
-1.681637e-12
-1.700493e-12
-1.719333e-12
-1.738158e-12
-1.756966e-12
-1.775759e-12
-1.794534e-12
-1.813293e-12
-1.832034e-12
-1.850757e-12
-1.869463e-12
-1.888150e-12
-1.906819e-12
-1.925469e-12
-1.944100e-12
-1.962712e-12
-1.981303e-12
-1.999875e-12
-2.018427e-12
-2.036958e-12
-2.055468e-12
-2.073957e-12
-2.092425e-12
-2.110871e-12
-2.129295e-12
-2.147697e-12
-2.166077e-12
-2.184434e-12
-2.202769e-12
-2.221080e-12
-2.239368e-12
-2.257633e-12
-2.275874e-12
-2.294090e-12
-2.312283e-12
-2.330451e-12
-2.348594e-12
-2.366713e-12
-2.384806e-12
-2.402875e-12
-2.420917e-12
-2.438934e-12
-2.456925e-12
-2.474890e-12
-2.492829e-12
-2.510741e-12
-2.528627e-12
-2.546486e-12
-2.564317e-12
-2.582122e-12
-2.599899e-12
-2.617648e-12
-2.635370e-12
-2.653064e-12
-2.670729e-12
-2.688367e-12
-2.705976e-12
-2.723556e-12
-2.741107e-12
-2.758630e-12
-2.776124e-12
-2.793588e-12
-2.811023e-12
-2.828429e-12
-2.845804e-12
-2.863150e-12
-2.880466e-12
-2.897752e-12
-2.915008e-12
-2.932233e-12
-2.949428e-12
-2.966592e-12
-2.983725e-12
-3.000827e-12
-3.017899e-12
-3.034939e-12
-3.051947e-12
-3.068925e-12
-3.085871e-12
-3.102785e-12
-3.119667e-12
-3.136517e-12
-3.153336e-12
-3.170122e-12
-3.186876e-12
-3.203598e-12
-3.220287e-12
-3.236944e-12
-3.253568e-12
-3.270159e-12
-3.286717e-12
-3.303242e-12
-3.319734e-12
-3.336193e-12
-3.352619e-12
-3.369011e-12
-3.385370e-12
-3.401695e-12
-3.417987e-12
-3.434245e-12
-3.450469e-12
-3.466659e-12
-3.482815e-12
-3.498936e-12
-3.515024e-12
-3.531078e-12
-3.547097e-12
-3.563081e-12
-3.579032e-12
-3.594947e-12
-3.610828e-12
-3.626674e-12
-3.642486e-12
-3.658262e-12
-3.674004e-12
-3.689710e-12
-3.705381e-12
-3.721018e-12
-3.736619e-12
-3.752185e-12
-3.767717e-12
-3.783216e-12
-3.798681e-12
-3.814111e-12
-3.829506e-12
-3.844866e-12
-3.860190e-12
-3.875478e-12
-3.890729e-12
-3.905943e-12
-3.921121e-12
-3.936261e-12
-3.951364e-12
-3.966429e-12
-3.981456e-12
-3.996445e-12
-4.011397e-12
-4.026310e-12
-4.041186e-12
-4.056023e-12
-4.070823e-12
-4.085584e-12
-4.100307e-12
-4.114992e-12
-4.129639e-12
-4.144248e-12
-4.158819e-12
-4.173353e-12
-4.187852e-12
-4.202314e-12
-4.216741e-12
-4.231131e-12
-4.245483e-12
-4.259798e-12
-4.274074e-12
-4.288311e-12
-4.302509e-12
-4.316667e-12
-4.330785e-12
-4.344863e-12
-4.358900e-12
-4.372897e-12
-4.386853e-12
-4.400769e-12
-4.414644e-12
-4.428479e-12
-4.442273e-12
-4.456026e-12
-4.469739e-12
-4.483411e-12
-4.497043e-12
-4.510635e-12
-4.524186e-12
-4.537697e-12
-4.551168e-12
-4.564598e-12
-4.577989e-12
-4.591340e-12
-4.604651e-12
-4.617922e-12
-4.631153e-12
-4.644345e-12
-4.657497e-12
-4.670610e-12
-4.683684e-12
-4.696718e-12
-4.709713e-12
-4.722669e-12
-4.735586e-12
-4.748464e-12
-4.761303e-12
-4.774104e-12
-4.786866e-12
-4.799589e-12
-4.812274e-12
-4.824920e-12
-4.837528e-12
-4.850097e-12
-4.862629e-12
-4.875122e-12
-4.887578e-12
-4.899995e-12
-4.912375e-12
-4.924716e-12
-4.937021e-12
-4.949287e-12
-4.961516e-12
-4.973708e-12
-4.985862e-12
-4.997979e-12
-5.010059e-12
-5.022101e-12
-5.034107e-12
-5.046076e-12
-5.058007e-12
-5.069902e-12
-5.081761e-12
-5.093582e-12
-5.105367e-12
-5.117116e-12
-5.128828e-12
-5.140504e-12
-5.152144e-12
-5.163747e-12
-5.175314e-12
-5.186846e-12
-5.198341e-12
-5.209801e-12
-5.221225e-12
-5.232613e-12
-5.243966e-12
-5.255283e-12
-5.266564e-12
-5.277810e-12
-5.289021e-12
-5.300197e-12
-5.311337e-12
-5.322443e-12
-5.333513e-12
-5.344549e-12
-5.355549e-12
-5.366515e-12
-5.377446e-12
-5.388343e-12
-5.399205e-12
-5.410033e-12
-5.420826e-12
-5.431585e-12
-5.442309e-12
-5.453000e-12
-5.463656e-12
-5.474278e-12
-5.484867e-12
-5.495421e-12
-5.505942e-12
-5.516429e-12
-5.526883e-12
-5.537303e-12
-5.547689e-12
-5.558042e-12
-5.568362e-12
-5.578648e-12
-5.588901e-12
-5.599121e-12
-5.609308e-12
-5.619462e-12
-5.629583e-12
-5.639672e-12
-5.649727e-12
-5.659750e-12
-5.669740e-12
-5.679698e-12
-5.689624e-12
-5.699516e-12
-5.709377e-12
-5.719206e-12
-5.729002e-12
-5.738766e-12
-5.748498e-12
-5.758198e-12
-5.767867e-12
-5.777503e-12
-5.787108e-12
-5.796681e-12
-5.806223e-12
-5.815733e-12
-5.825212e-12
-5.834659e-12
-5.844075e-12
-5.853460e-12
-5.862813e-12
-5.872136e-12
-5.881427e-12
-5.890688e-12
-5.899918e-12
-5.909117e-12
-5.918285e-12
-5.927423e-12
-5.936530e-12
-5.945607e-12
-5.954653e-12
-5.963669e-12
-5.972654e-12
-5.981610e-12
-5.990535e-12
-5.999430e-12
-6.008295e-12
-6.017131e-12
-6.025936e-12
-6.034712e-12
-6.043458e-12
-6.052174e-12
-6.060861e-12
-6.069518e-12
-6.078146e-12
-6.086744e-12
-6.095313e-12
-6.103853e-12
-6.112364e-12
-6.120846e-12
-6.129299e-12
-6.137723e-12
-6.146118e-12
-6.154484e-12
-6.162821e-12
-6.171130e-12
-6.179410e-12
-6.187662e-12
-6.195886e-12
-6.204081e-12
-6.212247e-12
-6.220386e-12
-6.228496e-12
-6.236578e-12
-6.244632e-12
-6.252659e-12
-6.260657e-12
-6.268628e-12
-6.276571e-12
-6.284486e-12
-6.292373e-12
-6.300234e-12
-6.308066e-12
-6.315871e-12
-6.323649e-12
-6.331400e-12
-6.339124e-12
-6.346820e-12
-6.354489e-12
-6.362132e-12
-6.369747e-12
-6.377336e-12
-6.384898e-12
-6.392433e-12
-6.399942e-12
-6.407424e-12
-6.414879e-12
-6.422308e-12
-6.429711e-12
-6.437088e-12
-6.444438e-12
-6.451762e-12
-6.459060e-12
-6.466332e-12
-6.473579e-12
-6.480799e-12
-6.487993e-12
-6.495162e-12
-6.502305e-12
-6.509423e-12
-6.516515e-12
-6.523581e-12
-6.530622e-12
-6.537638e-12
-6.544629e-12
-6.551594e-12
-6.558534e-12
-6.565449e-12
-6.572339e-12
-6.579205e-12
-6.586045e-12
-6.592862e-12
-6.599655e-12
-6.606425e-12
-6.613171e-12
-6.619894e-12
-6.626593e-12
-6.633268e-12
-6.639918e-12
-6.646545e-12
-6.653147e-12
-6.659725e-12
-6.666278e-12
-6.672807e-12
-6.679312e-12
-6.685792e-12
-6.692247e-12
-6.698679e-12
-6.705086e-12
-6.711468e-12
-6.717827e-12
-6.724161e-12
-6.730472e-12
-6.736758e-12
-6.743020e-12
-6.749259e-12
-6.755474e-12
-6.761665e-12
-6.767832e-12
-6.773976e-12
-6.780096e-12
-6.786193e-12
-6.792267e-12
-6.798317e-12
-6.804345e-12
-6.810349e-12
-6.816330e-12
-6.822288e-12
-6.828224e-12
-6.834136e-12
-6.840026e-12
-6.845894e-12
-6.851738e-12
-6.857561e-12
-6.863361e-12
-6.869138e-12
-6.874893e-12
-6.880627e-12
-6.886338e-12
-6.892027e-12
-6.897694e-12
-6.903339e-12
-6.908962e-12
-6.914564e-12
-6.920144e-12
-6.925702e-12
-6.931239e-12
-6.936755e-12
-6.942249e-12
-6.947722e-12
-6.953173e-12
-6.958604e-12
-6.964013e-12
-6.969401e-12
-6.974769e-12
-6.980115e-12
-6.985441e-12
-6.990746e-12
-6.996030e-12
-7.001294e-12
-7.006537e-12
-7.011760e-12
-7.016963e-12
-7.022145e-12
-7.027307e-12
-7.032448e-12
-7.037570e-12
-7.042671e-12
-7.047753e-12
-7.052814e-12
-7.057856e-12
-7.062878e-12
-7.067880e-12
-7.072863e-12
-7.077826e-12
-7.082770e-12
-7.087694e-12
-7.092599e-12
-7.097484e-12
-7.102350e-12
-7.107197e-12
-7.112025e-12
-7.116834e-12
-7.121624e-12
-7.126395e-12
-7.131147e-12
-7.135880e-12
-7.140594e-12
-7.145290e-12
-7.149967e-12
-7.154626e-12
-7.159266e-12
-7.163888e-12
-7.168491e-12
-7.173077e-12
-7.177643e-12
-7.182192e-12
-7.186723e-12
-7.191235e-12
-7.195730e-12
-7.200206e-12
-7.204665e-12
-7.209106e-12
-7.213529e-12
-7.217935e-12
-7.222323e-12
-7.226693e-12
-7.231046e-12
-7.235381e-12
-7.239699e-12
-7.244000e-12
-7.248284e-12
-7.252550e-12
-7.256799e-12
-7.261031e-12
-7.265246e-12
-7.269444e-12
-7.273625e-12
-7.277789e-12
-7.281936e-12
-7.286067e-12
-7.290181e-12
-7.294278e-12
-7.298359e-12
-7.302423e-12
-7.306471e-12
-7.310502e-12
-7.314517e-12
-7.318516e-12
-7.322499e-12
-7.326466e-12
-7.330418e-12
-7.334354e-12
-7.338274e-12
-7.342179e-12
-7.346067e-12
-7.349940e-12
-7.353797e-12
-7.357639e-12
-7.361464e-12
-7.365274e-12
-7.369068e-12
-7.372847e-12
-7.376609e-12
-7.380356e-12
-7.384088e-12
-7.387804e-12
-7.391504e-12
-7.395189e-12
-7.398859e-12
-7.402513e-12
-7.406152e-12
-7.409776e-12
-7.413384e-12
-7.416978e-12
-7.551917e-12
-7.782723e-12
-8.060353e-12
-8.356035e-12
-8.651274e-12
-8.934840e-12
-9.200670e-12
-9.446138e-12
-9.670739e-12
-9.875165e-12
-1.006070e-11
-1.022886e-11
-1.038114e-11
-1.051891e-11
-1.064340e-11
-1.075560e-11
-1.085632e-11
-1.094617e-11
-1.102556e-11
-1.109475e-11
-1.115381e-11
-1.120266e-11
-1.124106e-11
-1.126860e-11
-1.128470e-11
-1.128859e-11
-1.127925e-11
-1.125545e-11
-1.121561e-11
-1.115779e-11
-1.107955e-11
-1.097785e-11
-1.084887e-11
-1.068772e-11
-1.048814e-11
-1.024196e-11
-9.938662e-12
-9.564949e-12
-9.105419e-12
-8.549357e-12
-7.928531e-12
-7.537878e-12
-9.373402e-12
-1.089653e-11
6.777912e-11
1.026113e-10
1.679593e-10
5.070483e-10
1.124765e-09
1.283340e-09
-1.007097e-10
-1.923269e-10
-1.968721e-10
-1.994434e-10
-2.056776e-10
-2.164958e-10
-2.339347e-10
-2.558043e-10
-2.697363e-10
-3.200009e-10
-4.079453e-10
-4.313162e-10
-2.244654e-10
-8.536818e-11
-4.847421e-11
-4.137512e-11
-4.085603e-11
-4.171697e-11
-4.282708e-11
-4.394040e-11
-4.500644e-11
-4.602075e-11
-4.698868e-11
-4.791766e-11
-4.881496e-11
-4.968853e-11
-5.054697e-11
-5.139958e-11
-5.225645e-11
-5.312986e-11
-5.403408e-11
-5.498864e-11
-5.601512e-11
-5.714407e-11
-5.841557e-11
-5.988399e-11
-6.163111e-11
-6.377850e-11
-6.652299e-11
-7.020843e-11
-7.548720e-11
-8.376375e-11
-9.860649e-11
-1.311820e-10
-2.219291e-10
-3.785805e-10
-2.217498e-10
-1.321058e-10
-1.007414e-10
-6.242023e-11
-2.655682e-11
1.607076e-10
6.418774e-10
1.369072e-09
1.527199e-09
6.316741e-10
1.679479e-10
-1.342710e-10
-3.121178e-10
-5.270964e-10
-5.766833e-10
-7.012931e-10
-5.180528e-10
-1.947075e-10
-1.513144e-10
-1.471906e-10
-1.443097e-10
-1.422237e-10
-1.405027e-10
-1.351076e-10
-1.210233e-10
-9.308341e-11
-4.993544e-11
-4.720724e-12
3.461097e-11
6.545519e-11
8.241485e-11
8.163369e-11
6.273277e-11
3.634507e-11
1.538583e-11
1.301676e-12
-7.620781e-12
-1.324445e-11
-1.684627e-11
-1.921527e-11
-2.082691e-11
-2.196816e-11
-2.281227e-11
-2.346519e-11
-2.399202e-11
-2.443292e-11
-2.481349e-11
-2.514973e-11
-2.545175e-11
-2.572644e-11
-2.597823e-11
-2.621009e-11
-2.642431e-11
-2.662253e-11
-2.680603e-11
-2.697571e-11
-2.713286e-11
-2.727838e-11
-2.741304e-11
-2.753772e-11
-2.765316e-11
-2.776029e-11
-2.785987e-11
-2.795236e-11
-2.803856e-11
-2.811921e-11
-2.819469e-11
-2.826570e-11
-2.833266e-11
-2.839579e-11
-2.845587e-11
-2.851303e-11
-2.856760e-11
-2.861995e-11
-2.867023e-11
-2.871869e-11
-2.876546e-11
-2.881087e-11
-2.885486e-11
-2.889764e-11
-2.893934e-11
-2.897996e-11
-2.901964e-11
-2.905830e-11
-2.909611e-11
-2.913306e-11
-2.916914e-11
-2.920442e-11
-2.923888e-11
-2.927248e-11
-2.930532e-11
-2.933729e-11
-2.936842e-11
-2.939869e-11
-2.942809e-11
-2.945664e-11
-2.948431e-11
-2.951108e-11
-2.953693e-11
-2.956187e-11
-2.958584e-11
-2.960887e-11
-2.963094e-11
-2.965206e-11
-2.967220e-11
-2.969132e-11
-2.970944e-11
-2.972654e-11
-2.974263e-11
-2.975773e-11
-2.977181e-11
-2.978486e-11
-2.979690e-11
-2.980792e-11
-2.981793e-11
-2.982694e-11
-2.983493e-11
-2.984192e-11
-2.984790e-11
-2.985289e-11
-2.985692e-11
-2.985999e-11
-2.986208e-11
-2.986322e-11
-2.986342e-11
-2.986269e-11
-2.986106e-11
-2.985853e-11
-2.985514e-11
-2.985090e-11
-2.984582e-11
-2.983991e-11
-2.983320e-11
-2.982571e-11
-2.981748e-11
-2.980853e-11
-2.979888e-11
-2.978856e-11
-2.977761e-11
-2.976607e-11
-2.975396e-11
-2.974133e-11
-2.972822e-11
-2.971470e-11
-2.970081e-11
-2.968662e-11
-2.967221e-11
-2.965765e-11
-2.964304e-11
-2.962849e-11
-2.961414e-11
-2.960013e-11
-2.958665e-11
-2.957390e-11
-2.956216e-11
-2.955176e-11
-2.954309e-11
-2.953666e-11
-2.953313e-11
-2.953334e-11
-2.953842e-11
-2.954985e-11
-2.956972e-11
-2.960096e-11
-2.964782e-11
-2.971672e-11
-2.981777e-11
-2.996762e-11
-3.019558e-11
-3.055746e-11
-3.117138e-11
-3.232553e-11
-3.487744e-11
-4.210026e-11
-6.515824e-11
-6.486693e-11
2.185888e-11
9.888868e-11
6.768773e-11
8.182128e-11
2.669257e-10
6.511842e-10
1.192041e-09
1.586382e-09
5.415876e-10
-2.607131e-10
-3.082264e-10
-3.156281e-10
-3.246781e-10
-3.396836e-10
-3.581350e-10
-3.788028e-10
-4.137655e-10
-4.650915e-10
-5.603003e-10
-6.298953e-10
-4.568499e-10
-1.636300e-10
-6.377948e-11
-3.980816e-11
-3.064790e-11
-2.108141e-11
-5.764966e-12
1.712638e-11
4.414770e-11
6.458539e-11
6.935933e-11
6.658570e-11
5.542787e-11
3.052804e-11
2.191110e-12
-2.715630e-11
-5.498547e-11
-6.991871e-11
-7.623198e-11
-8.589735e-11
-1.000152e-10
-1.077689e-10
-1.172703e-10
-1.154593e-10
-1.048237e-10
-1.101866e-10
-1.206231e-10
-1.298709e-10
-1.365300e-10
-1.407401e-10
-1.432206e-10
-1.445393e-10
-1.448979e-10
-1.445214e-10
-1.438509e-10
-1.435019e-10
-1.437263e-10
-1.442256e-10
-1.447098e-10
-1.450576e-10
-1.452431e-10
-1.452785e-10
-1.451864e-10
-1.449904e-10
-1.447125e-10
-1.443737e-10
-1.439898e-10
-1.435735e-10
-1.431362e-10
-1.426861e-10
-1.422300e-10
-1.417727e-10
-1.413185e-10
-1.408703e-10
-1.404299e-10
-1.399992e-10
-1.395791e-10
-1.391708e-10
-1.387737e-10
-1.383882e-10
-1.380148e-10
-1.376536e-10
-1.373033e-10
-1.369645e-10
-1.366365e-10
-1.363196e-10
-1.360125e-10
-1.357157e-10
-1.354282e-10
-1.351498e-10
-1.348806e-10
-1.346196e-10
-1.343670e-10
-1.341220e-10
-1.338848e-10
-1.336546e-10
-1.334316e-10
-1.332150e-10
-1.330051e-10
-1.328012e-10
-1.326035e-10
-1.324114e-10
-1.322247e-10
-1.320435e-10
-1.318673e-10
-1.316961e-10
-1.315297e-10
-1.313677e-10
-1.312103e-10
-1.310572e-10
-1.309080e-10
-1.307628e-10
-1.306216e-10
-1.304840e-10
-1.303499e-10
-1.302194e-10
-1.300923e-10
-1.299682e-10
-1.298473e-10
-1.297295e-10
-1.296146e-10
-1.295025e-10
-1.293931e-10
-1.292864e-10
-1.291822e-10
-1.290806e-10
-1.289812e-10
-1.288843e-10
-1.287896e-10
-1.286971e-10
-1.286067e-10
-1.285184e-10
-1.284320e-10
-1.283475e-10
-1.282650e-10
-1.281842e-10
-1.281053e-10
-1.280280e-10
-1.279524e-10
-1.278783e-10
-1.278059e-10
-1.277349e-10
-1.276655e-10
-1.275975e-10
-1.275309e-10
-1.274656e-10
-1.274017e-10
-1.273390e-10
-1.272775e-10
-1.272173e-10
-1.271583e-10
-1.271004e-10
-1.270437e-10
-1.269882e-10
-1.269338e-10
-1.268804e-10
-1.268281e-10
-1.267768e-10
-1.267266e-10
-1.266773e-10
-1.266290e-10
-1.265816e-10
-1.265351e-10
-1.264896e-10
-1.264449e-10
-1.264010e-10
-1.263581e-10
-1.263160e-10
-1.262749e-10
-1.262347e-10
-1.261955e-10
-1.261571e-10
-1.261197e-10
-1.260831e-10
-1.260473e-10
-1.260124e-10
-1.259783e-10
-1.259450e-10
-1.259124e-10
-1.258806e-10
-1.258495e-10
-1.258191e-10
-1.257894e-10
-1.257604e-10
-1.257321e-10
-1.257044e-10
-1.256773e-10
-1.256509e-10
-1.256250e-10
-1.255998e-10
-1.255752e-10
-1.255511e-10
-1.255276e-10
-1.255047e-10
-1.254823e-10
-1.254605e-10
-1.254392e-10
-1.254184e-10
-1.253981e-10
-1.253784e-10
-1.253591e-10
-1.253403e-10
-1.253220e-10
-1.253042e-10
-1.252868e-10
-1.252699e-10
-1.252535e-10
-1.252375e-10
-1.252220e-10
-1.252069e-10
-1.251922e-10
-1.251779e-10
-1.251641e-10
-1.251507e-10
-1.251377e-10
-1.251251e-10
-1.251129e-10
-1.251011e-10
-1.250897e-10
-1.250787e-10
-1.250681e-10
-1.250579e-10
-1.250480e-10
-1.250386e-10
-1.250295e-10
-1.250207e-10
-1.250124e-10
-1.250044e-10
-1.249967e-10
-1.249895e-10
-1.249826e-10
-1.249760e-10
-1.249698e-10
-1.249639e-10
-1.249584e-10
-1.249533e-10
-1.249485e-10
-1.249440e-10
-1.249399e-10
-1.249361e-10
-1.249327e-10
-1.249296e-10
-1.249268e-10
-1.249244e-10
-1.249223e-10
-1.249206e-10
-1.249192e-10
-1.249182e-10
-1.249175e-10
-1.249172e-10
-1.249172e-10
-1.249175e-10
-1.249182e-10
-1.249193e-10
-1.249208e-10
-1.249226e-10
-1.249247e-10
-1.249273e-10
-1.249302e-10
-1.249336e-10
-1.249373e-10
-1.249415e-10
-1.249460e-10
-1.249510e-10
-1.249565e-10
-1.249624e-10
-1.249688e-10
-1.249757e-10
-1.249831e-10
-1.249910e-10
-1.249995e-10
-1.250085e-10
-1.250182e-10
-1.250286e-10
-1.250396e-10
-1.250514e-10
-1.250640e-10
-1.250774e-10
-1.250918e-10
-1.251071e-10
-1.251235e-10
-1.251412e-10
-1.251601e-10
-1.251804e-10
-1.252024e-10
-1.252261e-10
-1.252519e-10
-1.252800e-10
-1.253108e-10
-1.253446e-10
-1.253820e-10
-1.254236e-10
-1.254702e-10
-1.255230e-10
-1.255832e-10
-1.256527e-10
-1.257340e-10
-1.258307e-10
-1.259479e-10
-1.260933e-10
-1.262787e-10
-1.265242e-10
-1.268645e-10
-1.273669e-10
-1.281772e-10
-1.296650e-10
-1.330010e-10
-1.427173e-10
-1.674919e-10
-1.681270e-10
-9.505232e-11
3.829825e-11
4.785050e-11
-2.274012e-12
3.685281e-11
1.900321e-10
4.945997e-10
1.119834e-09
8.490386e-10
-2.077031e-10
-2.609109e-10
-2.625004e-10
-2.669631e-10
-2.838528e-10
-3.055295e-10
-3.208401e-10
-3.389398e-10
-3.509112e-10
-4.067002e-10
-5.089901e-10
-4.952716e-10
-2.437372e-10
-1.354998e-10
-1.127244e-10
-1.096271e-10
-1.103201e-10
-1.116423e-10
-1.129712e-10
-1.141891e-10
-1.152824e-10
-1.162595e-10
-1.171329e-10
-1.179145e-10
-1.186159e-10
-1.192471e-10
-1.198162e-10
-1.203315e-10
-1.207997e-10
-1.212251e-10
-1.216133e-10
-1.219686e-10
-1.222920e-10
-1.225889e-10
-1.228595e-10
-1.231075e-10
-1.233339e-10
-1.235393e-10
-1.237268e-10
-1.238957e-10
-1.240490e-10
-1.241871e-10
-1.243095e-10
-1.244193e-10
-1.245164e-10
-1.246006e-10
-1.246743e-10
-1.247375e-10
-1.247908e-10
-1.248349e-10
-1.248695e-10
-1.248967e-10
-1.249164e-10
-1.249291e-10
-1.249351e-10
-1.249352e-10
-1.249294e-10
-1.249185e-10
-1.249026e-10
-1.248822e-10
-1.248577e-10
-1.248292e-10
-1.247978e-10
-1.247626e-10
-1.247243e-10
-1.246833e-10
-1.246399e-10
-1.245946e-10
-1.245468e-10
-1.244971e-10
-1.244458e-10
-1.243934e-10
-1.243392e-10
-1.242839e-10
-1.242279e-10
-1.241706e-10
-1.241129e-10
-1.240542e-10
-1.239951e-10
-1.239355e-10
-1.238756e-10
-1.238154e-10
-1.237550e-10
-1.236946e-10
-1.236342e-10
-1.235736e-10
-1.235133e-10
-1.234529e-10
-1.233929e-10
-1.233330e-10
-1.232734e-10
-1.232143e-10
-1.231553e-10
-1.230968e-10
-1.230388e-10
-1.229810e-10
-1.229238e-10
-1.228671e-10
-1.228108e-10
-1.227551e-10
-1.227000e-10
-1.226453e-10
-1.225912e-10
-1.225377e-10
-1.224848e-10
-1.224324e-10
-1.223806e-10
-1.223294e-10
-1.222789e-10
-1.222289e-10
-1.221794e-10
-1.221306e-10
-1.220824e-10
-1.220348e-10
-1.219878e-10
-1.219413e-10
-1.218954e-10
-1.218502e-10
-1.218055e-10
-1.217614e-10
-1.217178e-10
-1.216748e-10
-1.216323e-10
-1.215904e-10
-1.215491e-10
-1.215083e-10
-1.214681e-10
-1.214283e-10
-1.213891e-10
-1.213504e-10
-1.213122e-10
-1.212745e-10
-1.212373e-10
-1.212006e-10
-1.211643e-10
-1.211286e-10
-1.210933e-10
-1.210584e-10
-1.210241e-10
-1.209901e-10
-1.209567e-10
-1.209236e-10
-1.208910e-10
-1.208589e-10
-1.208271e-10
-1.207958e-10
-1.207648e-10
-1.207342e-10
-1.207041e-10
-1.206743e-10
-1.206449e-10
-1.206159e-10
-1.205873e-10
-1.205590e-10
-1.205311e-10
-1.205036e-10
-1.204764e-10
-1.204496e-10
-1.204231e-10
-1.203970e-10
-1.203712e-10
-1.203457e-10
-1.203205e-10
-1.202957e-10
-1.202712e-10
-1.202470e-10
-1.202231e-10
-1.201996e-10
-1.201763e-10
-1.201533e-10
-1.201306e-10
-1.201081e-10
-1.200858e-10
-1.200637e-10
-1.200418e-10
-1.200202e-10
-1.199988e-10
-1.199776e-10
-1.199566e-10
-1.199358e-10
-1.199152e-10
-1.198948e-10
-1.198746e-10
-1.198546e-10
-1.198348e-10
-1.198151e-10
-1.197957e-10
-1.197763e-10
-1.197572e-10
-1.197382e-10
-1.197194e-10
-1.197007e-10
-1.196822e-10
-1.196638e-10
-1.196456e-10
-1.196275e-10
-1.196096e-10
-1.195918e-10
-1.195741e-10
-1.195566e-10
-1.195392e-10
-1.195219e-10
-1.195048e-10
-1.194878e-10
-1.194709e-10
-1.194542e-10
-1.194375e-10
